0 inf
0.01 inf
0.02 inf
0.03 inf
0.04 inf
0.05 inf
0.06 inf
0.07 inf
0.08 inf
0.09 inf
0.1 inf
0.11 inf
0.12 inf
0.13 inf
0.14 inf
0.15 inf
0.16 inf
0.17 inf
0.18 inf
0.19 inf
0.2 inf
0.21 inf
0.22 inf
0.23 inf
0.24 inf
0.25 inf
0.26 inf
0.27 inf
0.28 inf
0.29 inf
0.3 inf
0.31 inf
0.32 inf
0.33 inf
0.34 inf
0.35 inf
0.36 inf
0.37 inf
0.38 inf
0.39 inf
0.4 inf
0.41 inf
0.42 inf
0.43 inf
0.44 inf
0.45 inf
0.46 inf
0.47 inf
0.48 inf
0.49 inf
0.5 inf
0.51 inf
0.52 inf
0.53 inf
0.54 inf
0.55 inf
0.56 inf
0.57 inf
0.58 inf
0.59 inf
0.6 inf
0.61 inf
0.62 inf
0.63 inf
0.64 inf
0.65 inf
0.66 inf
0.67 inf
0.68 inf
0.69 inf
0.7 inf
0.71 inf
0.72 inf
0.73 inf
0.74 inf
0.75 inf
0.76 inf
0.77 inf
0.78 inf
0.79 inf
0.8 inf
0.81 inf
0.82 inf
0.83 inf
0.84 inf
0.85 inf
0.86 inf
0.87 inf
0.88 inf
0.89 inf
0.9 inf
0.91 inf
0.92 inf
0.93 inf
0.94 inf
0.95 inf
0.96 inf
0.97 inf
0.98 inf
0.99 inf
1 inf
1.01 inf
1.02 inf
1.03 inf
1.04 inf
1.05 inf
1.06 inf
1.07 inf
1.08 592.199
1.09 583.273
1.1 574.64
1.11 566.125
1.12 557.729
1.13 549.449
1.14 541.283
1.15 533.229
1.16 525.286
1.17 517.45
1.18 509.722
1.19 502.098
1.2 494.577
1.21 487.157
1.22 479.837
1.23 472.615
1.24 465.489
1.25 458.459
1.26 451.521
1.27 444.675
1.28 437.92
1.29 431.254
1.3 424.675
1.31 418.182
1.32 411.775
1.33 405.451
1.34 399.21
1.35 393.049
1.36 386.969
1.37 380.968
1.38 375.044
1.39 369.197
1.4 363.425
1.41 357.728
1.42 352.104
1.43 346.553
1.44 341.072
1.45 335.662
1.46 330.322
1.47 325.049
1.48 319.845
1.49 314.706
1.5 309.634
1.51 304.626
1.52 299.682
1.53 294.802
1.54 289.983
1.55 285.226
1.56 280.53
1.57 275.894
1.58 271.316
1.59 266.798
1.6 262.337
1.61 257.932
1.62 253.585
1.63 249.292
1.64 245.055
1.65 240.872
1.66 236.742
1.67 232.665
1.68 228.641
1.69 224.668
1.7 220.746
1.71 216.875
1.72 213.053
1.73 209.281
1.74 205.557
1.75 201.882
1.76 198.254
1.77 194.674
1.78 191.14
1.79 187.651
1.8 184.209
1.81 180.811
1.82 177.458
1.83 174.149
1.84 170.884
1.85 167.661
1.86 164.481
1.87 161.344
1.88 158.248
1.89 155.193
1.9 152.179
1.91 149.205
1.92 146.272
1.93 143.378
1.94 140.523
1.95 137.707
1.96 134.929
1.97 132.189
1.98 129.487
1.99 126.822
2 124.193
2.01 121.601
2.02 119.046
2.03 116.526
2.04 114.041
2.05 111.591
2.06 109.177
2.07 106.796
2.08 104.449
2.09 102.137
2.1 99.8572
2.11 97.6108
2.12 95.3972
2.13 93.216
2.14 91.067
2.15 88.9498
2.16 86.8641
2.17 84.8097
2.18 82.7862
2.19 80.7934
2.2 78.831
2.21 76.8988
2.22 74.9964
2.23 73.1236
2.24 71.2801
2.25 69.4656
2.26 67.68
2.27 65.9229
2.28 64.1941
2.29 62.4933
2.3 60.8204
2.31 59.175
2.32 57.5569
2.33 55.9659
2.34 54.4018
2.35 52.8643
2.36 51.3532
2.37 49.8683
2.38 48.4094
2.39 46.9761
2.4 45.5685
2.41 44.1861
2.42 42.8288
2.43 41.4964
2.44 40.1887
2.45 38.9055
2.46 37.6466
2.47 36.4118
2.48 35.2009
2.49 34.0137
2.5 32.85
2.51 31.7096
2.52 30.5924
2.53 29.4981
2.54 28.4266
2.55 27.3778
2.56 26.3513
2.57 25.3471
2.58 24.3649
2.59 23.4047
2.6 22.4662
2.61 21.5492
2.62 20.6537
2.63 19.7794
2.64 18.9262
2.65 18.0939
2.66 17.2824
2.67 16.4915
2.68 15.721
2.69 14.9708
2.7 14.2408
2.71 13.5308
2.72 12.8406
2.73 12.1701
2.74 11.5192
2.75 10.8877
2.76 10.2755
2.77 9.68248
2.78 9.10842
2.79 8.55322
2.8 8.01676
2.81 7.49889
2.82 6.99949
2.83 6.51842
2.84 6.05556
2.85 5.61078
2.86 5.18394
2.87 4.77493
2.88 4.38362
2.89 4.00989
2.9 3.65362
2.91 3.31468
2.92 2.99296
2.93 2.68834
2.94 2.4007
2.95 2.12993
2.96 1.87592
2.97 1.63854
2.98 1.4177
2.99 1.21327
3 1.02515
3.01 0.853236
3.02 0.69741
3.03 0.557571
3.04 0.433613
3.05 0.325431
3.06 0.232923
3.07 0.155986
3.08 0.094518
3.09 0.0484198
3.1 0.0175918
3.11 0.00193559
3.12 0.00135372
3.13 0.0157497
3.14 0.0450281
3.15 0.0890941
3.16 0.147854
3.17 0.221215
3.18 0.309085
3.19 0.411374
3.2 0.52799
3.21 0.658844
3.22 0.803848
3.23 0.962914
3.24 1.13596
3.25 1.32289
3.26 1.52362
3.27 1.73807
3.28 1.96616
3.29 2.2078
3.3 2.46291
3.31 2.73141
3.32 3.01322
3.33 3.30825
3.34 3.61643
3.35 3.93769
3.36 4.27193
3.37 4.61909
3.38 4.97909
3.39 5.35184
3.4 5.73729
3.41 6.13535
3.42 6.54595
3.43 6.96901
3.44 7.40447
3.45 7.85224
3.46 8.31227
3.47 8.78447
3.48 9.26879
3.49 9.76514
3.5 10.2735
3.51 10.7937
3.52 11.3257
3.53 11.8696
3.54 12.4251
3.55 12.9923
3.56 13.571
3.57 14.1612
3.58 14.7629
3.59 15.376
3.6 16.0003
3.61 16.6359
3.62 17.2827
3.63 17.9407
3.64 18.6097
3.65 19.2897
3.66 19.9806
3.67 20.6824
3.68 21.3951
3.69 22.1185
3.7 22.8526
3.71 23.5974
3.72 24.3528
3.73 25.1187
3.74 25.895
3.75 26.6819
3.76 27.479
3.77 28.2865
3.78 29.1043
3.79 29.9322
3.8 30.7703
3.81 31.6185
3.82 32.4768
3.83 33.345
3.84 34.2232
3.85 35.1112
3.86 36.0091
3.87 36.9168
3.88 37.8342
3.89 38.7613
3.9 39.6981
3.91 40.6444
3.92 41.6002
3.93 42.5656
3.94 43.5404
3.95 44.5246
3.96 45.5181
3.97 46.5209
3.98 47.533
3.99 48.5543
4 49.5847
4.01 50.6242
4.02 51.6729
4.03 52.7305
4.04 53.7971
4.05 54.8727
4.06 55.9571
4.07 57.0504
4.08 58.1525
4.09 59.2633
4.1 60.3829
4.11 61.5111
4.12 62.648
4.13 63.7934
4.14 64.9474
4.15 66.1099
4.16 67.2809
4.17 68.4603
4.18 69.6481
4.19 70.8442
4.2 72.0486
4.21 73.2613
4.22 74.4823
4.23 75.7114
4.24 76.9486
4.25 78.194
4.26 79.4474
4.27 80.7089
4.28 81.9784
4.29 83.2558
4.3 84.5412
4.31 85.8344
4.32 87.1355
4.33 88.4444
4.34 89.7611
4.35 91.0855
4.36 92.4176
4.37 93.7574
4.38 95.1048
4.39 96.4599
4.4 97.8224
4.41 99.1926
4.42 100.57
4.43 101.955
4.44 103.348
4.45 104.748
4.46 106.155
4.47 107.57
4.48 108.991
4.49 110.421
4.5 111.857
4.51 113.301
4.52 114.751
4.53 116.209
4.54 117.674
4.55 119.146
4.56 120.625
4.57 122.112
4.58 123.605
4.59 125.105
4.6 126.612
4.61 128.126
4.62 129.646
4.63 131.174
4.64 132.708
4.65 134.249
4.66 135.797
4.67 137.352
4.68 138.913
4.69 140.481
4.7 142.056
4.71 143.637
4.72 145.225
4.73 146.819
4.74 148.42
4.75 150.027
4.76 151.641
4.77 153.261
4.78 154.888
4.79 156.521
4.8 158.16
4.81 159.806
4.82 161.457
4.83 163.116
4.84 164.78
4.85 166.451
4.86 168.128
4.87 169.811
4.88 171.5
4.89 173.195
4.9 174.897
4.91 176.604
4.92 178.318
4.93 180.038
4.94 181.763
4.95 183.495
4.96 185.232
4.97 186.976
4.98 188.725
4.99 190.48
5 192.241
5.01 194.008
5.02 195.781
5.03 197.56
5.04 199.344
5.05 201.134
5.06 202.93
5.07 204.731
5.08 206.538
5.09 208.351
5.1 210.169
5.11 211.993
5.12 213.823
5.13 215.658
5.14 217.498
5.15 219.345
5.16 221.196
5.17 223.053
5.18 224.916
5.19 226.784
5.2 228.658
5.21 230.536
5.22 232.421
5.23 234.31
5.24 236.205
5.25 238.105
5.26 240.011
5.27 241.922
5.28 243.838
5.29 245.759
5.3 247.685
5.31 249.617
5.32 251.554
5.33 253.496
5.34 255.443
5.35 257.395
5.36 259.352
5.37 261.315
5.38 263.282
5.39 265.255
5.4 267.232
5.41 269.215
5.42 271.202
5.43 273.195
5.44 275.192
5.45 277.194
5.46 279.202
5.47 281.214
5.48 283.231
5.49 285.252
5.5 287.279
5.51 289.311
5.52 291.347
5.53 293.388
5.54 295.434
5.55 297.484
5.56 299.54
5.57 301.6
5.58 303.665
5.59 305.734
5.6 307.808
5.61 309.887
5.62 311.97
5.63 314.058
5.64 316.151
5.65 318.248
5.66 320.35
5.67 322.456
5.68 324.567
5.69 326.682
5.7 328.802
5.71 330.927
5.72 333.055
5.73 335.189
5.74 337.326
5.75 339.468
5.76 341.615
5.77 343.766
5.78 345.921
5.79 348.081
5.8 350.245
5.81 352.413
5.82 354.586
5.83 356.763
5.84 358.944
5.85 361.13
5.86 363.32
5.87 365.514
5.88 367.712
5.89 369.915
5.9 372.121
5.91 374.332
5.92 376.547
5.93 378.767
5.94 380.99
5.95 383.217
5.96 385.449
5.97 387.685
5.98 389.925
5.99 392.169
6 394.417
